-0.168252 -0.539322 -1.13249 0.537143 0.452258 -0.458039 0.545106
-0.36407 -0.5402 -1.17437 0.537169 0.452478 -0.457142 0.54565
-0.493934 -0.776023 -0.968796 0.649912 0.50869 -0.374384 0.422712
-0.158209 -0.586203 -0.743263 -0.389667 -0.378184 0.734889 -0.406295
-0.218835 -0.611507 -0.929098 -0.403951 -0.54836 0.585081 -0.440233
-0.242922 -0.744519 -1.09539 0.532238 0.689989 -0.233927 0.431181
-0.152333 -0.716059 -1.26757 0.361145 0.60703 -0.548529 0.447442
-0.331136 -0.695548 -1.27343 0.279064 0.439773 -0.561761 0.642765
-0.287225 -0.380877 -1.12194 0.635164 0.388997 -0.524381 0.412642
-0.354207 -0.593744 -0.841701 0.435592 0.700454 -0.525664 0.208089
-0.408251 -0.836231 -1.15072 0.230206 0.225044 -0.713946 0.621805
-0.100425 -0.705629 -0.7424 -0.576984 -0.383211 0.632824 -0.346082
-0.200584 -0.745422 -0.62821 0.658267 0.575777 -0.355309 0.330031
-0.211945 -0.659301 -1.14543 0.504723 0.481164 -0.480539 0.531806
-0.271643 -0.662288 -1.40214 0.319829 0.374784 -0.517996 0.699233
-0.133116 -0.506678 -1.34718 -0.390389 -0.304625 0.739989 -0.45521
-0.25864 -1.03013 -1.53255 -8.4944e-05 0.455045 -0.641874 0.617197
-0.0754947 -0.803118 -1.42306 0.651605 0.479654 -0.227815 0.541703
-0.182523 -0.710151 -1.50587 0.35959 0.182723 -0.60291 0.688336
-0.25258 -0.701815 -1.46416 0.253773 0.247046 -0.708548 0.61035
-0.105204 -0.548244 -0.833251 -0.360791 -0.575441 0.675332 -0.287444
-0.40732 -0.753388 -1.10267 0.111123 0.439032 -0.724333 0.51985
-0.475594 -0.840114 -0.745744 0.51039 0.675447 -0.404905 0.345437
-0.437893 -1.05932 -0.481072 0.463788 0.834385 -0.257812 0.149117
-0.200394 -0.758774 -0.979033 0.557196 0.107357 -0.505698 0.649828
-0.391456 -0.827473 -1.3757 0.0692339 0.308086 -0.776227 0.545675
